object Form2: TForm2
  Left = 0
  Top = 0
  Caption = 'Form2'
  ClientHeight = 480
  ClientWidth = 640
  FormFactor.Width = 320
  FormFactor.Height = 480
  FormFactor.Devices = [Desktop]
  DesignerMasterStyle = 0
  object Memo1: TMemo
    Touch.InteractiveGestures = [Pan, LongTap, DoubleTap]
    DataDetectorTypes = []
    Position.X = 168.000000000000000000
    Position.Y = 168.000000000000000000
    TabOrder = 1
    Viewport.Width = 46.000000000000000000
    Viewport.Height = 46.000000000000000000
  end
end
